4294967278,280
4294967279,310
4294967293,131
4294967293,130
4294967293,129
4294967293,128
4294967293,127
4294967293,126
4294967293,125
4294967293,124
4294967293,123
4294967293,122
4294967293,121
4294967293,120
4294967293,119
4294967293,118
4294967293,117
4294967293,116
4294967293,115
4294967293,114
4294967293,113
4294967293,112
4294967293,111
4294967293,110
4294967293,109
4294967293,108
4294967293,107
4294967293,106
4294967293,105
4294967293,104
4294967293,103
4294967293,102
4294967293,101
4294967293,100
4294967293,99
4294967293,98
4294967293,97
4294967293,96
4294967293,95
4294967293,94
4294967293,93
4294967293,92
4294967293,91
4294967293,90
4294967293,89
4294967293,88
4294967293,87
4294967293,86
4294967293,85
4294967293,84
4294967293,83
4294967293,82
4294967293,81
4294967293,80
4294967293,79
4294967293,78
4294967293,77
4294967293,76
4294967293,75
4294967293,74
4294967293,73
4294967293,72
4294967293,71
4294967293,70
4294967293,69
4294967293,68
4294967293,67
4294967293,66
4294967293,65
4294967293,64
4294967293,63
4294967293,62
4294967293,61
4294967293,60
4294967293,59
4294967293,58
4294967293,57
4294967293,56
4294967293,55
4294967293,54
4294967293,53
4294967293,52
4294967293,51
4294967293,50
4294967293,49
4294967293,48
4294967293,47
4294967293,46
4294967293,45
4294967293,44
4294967293,43
4294967293,42
4294967293,41
4294967293,40
4294967293,39
4294967293,38
4294967293,37
4294967293,36
4294967293,35
4294967293,34
4294967293,33
4294967293,32
4294967293,31
4294967293,30
4294967293,29
4294967293,28
4294967293,27
4294967293,26
4294967293,25
4294967293,24
4294967293,23
4294967293,22
4294967293,21
4294967293,20
4294967293,19
4294967293,18
4294967293,17
4294967293,16
4294967293,15
4294967293,14
4294967293,13
4294967293,12
4294967293,11
4294967293,10
4294967293,9
4294967293,8
4294967293,7
4294967293,6
4294967293,5
4294967293,4
4294967293,3
4294967293,2
4294566162,0
4294566161,0
4294566160,0
4294566159,0
4294566158,0
4294566157,0
4294566156,0
4294566155,0
4294566154,0
4294566153,0
4294967293,0
4294967279,188
4294967279,74
4294967279,187
4294967279,73
4294967279,186
4294967279,72
4294967279,185
4294967279,71
4294967279,184
4294967279,70
4294967279,183
4294967279,69
4294967279,182
4294967279,68
4294967279,181
4294967279,67
4294967279,180
4294967279,66
4294967279,179
4294967279,65
4294967279,178
4294967279,64
4294967279,177
4294967279,63
4294967279,176
4294967279,62
4294967279,175
4294967279,61
4294967279,173
4294967279,60
4294967279,172
4294967279,59
4294967279,171
4294967279,58
4294967279,170
4294967279,57
4294967279,169
4294967279,56
4294967279,168
4294967279,55
4294967279,167
4294967279,54
4294967279,166
4294967279,53
4294967279,165
4294967279,52
4294967279,164
4294967279,51
4294967279,163
4294967279,50
4294967279,162
4294967279,49
4294967279,161
4294967279,48
4294967279,160
4294967279,47
4294967279,159
4294967279,46
4294967279,158
4294967279,45
4294967279,157
4294967279,44
4294967279,156
4294967279,43
4294967279,155
4294967279,42
4294967279,154
4294967279,153
4294967279,41
4294967279,152
4294967279,40
4294967279,151
4294967279,39
4294967279,150
4294967279,38
4294967279,149
4294967279,37
4294967279,148
4294967279,36
4294967279,147
4294967279,35
4294967279,146
4294967279,34
4294967279,145
4294967279,33
4294967279,144
4294967279,32
4294967279,143
4294967279,31
4294967279,142
4294967279,30
4294967279,141
4294967279,29
4294967279,140
4294967279,28
4294967279,139
4294967279,27
4294967279,138
4294967279,26
4294967279,272
4294967279,137
4294967279,25
4294967279,136
4294967279,24
4294967279,135
4294967279,23
4294967279,134
4294967279,22
4294967279,133
4294967279,21
4294967279,271
4294967279,20
4294967279,19
4294967279,18
4294967279,268
4294967279,17
4294967279,15
4294967279,265
4294967279,14
4294967279,12
4294967279,262
4294967279,11
4294967279,9
4294967279,258
4294967279,8
4294967279,6
4294967279,256
4294967279,255
4294967279,3
0,6
0,5
4294967279,351
4294967279,350
4294967279,349
4294967279,348
4294967279,347
4294967279,346
4294967279,345
4294967279,344
4294967279,343
4294967279,342
4294967279,341
4294967279,340
4294967279,339
4294967279,338
4294967279,337
4294967279,336
4294967279,335
4294967279,334
4294967279,333
4294967279,332
4294967279,331
4294967279,330
4294967279,329
4294967279,328
4294967279,327
4294967279,326
4294967279,325
4294967279,324
4294967279,323
4294967279,322
4294967279,321
4294967279,320
